title = MessageDelayReport# 横纵坐标标题 中间用=分开xlabel = MessageDelayylabel = CumulativeProbabilitybelow is the data# messageDelay  cumulativeProbability
1.0000 0.0024
1.0000 0.0048
1.0000 0.0072
1.0000 0.0096
1.0000 0.0120
2.0000 0.0145
2.0000 0.0169
3.0000 0.0193
3.0000 0.0217
3.0000 0.0241
3.0000 0.0265
3.0000 0.0289
3.0000 0.0313
3.0000 0.0337
3.0000 0.0361
3.0000 0.0386
3.0000 0.0410
3.0000 0.0434
3.0000 0.0458
3.0000 0.0482
3.0000 0.0506
3.0000 0.0530
3.0000 0.0554
3.0000 0.0578
4.0000 0.0602
4.0000 0.0627
4.0000 0.0651
4.0000 0.0675
4.0000 0.0699
4.0000 0.0723
4.0000 0.0747
4.0000 0.0771
4.0000 0.0795
5.0000 0.0819
5.0000 0.0843
5.0000 0.0867
5.0000 0.0892
5.0000 0.0916
5.0000 0.0940
5.0000 0.0964
5.0000 0.0988
5.0000 0.1012
5.0000 0.1036
5.0000 0.1060
5.0000 0.1084
5.0000 0.1108
5.0000 0.1133
5.0000 0.1157
5.0000 0.1181
5.0000 0.1205
5.0000 0.1229
5.0000 0.1253
5.0000 0.1277
6.0000 0.1301
6.0000 0.1325
6.0000 0.1349
6.0000 0.1373
6.0000 0.1398
6.0000 0.1422
6.0000 0.1446
6.0000 0.1470
6.0000 0.1494
6.0000 0.1518
6.0000 0.1542
6.0000 0.1566
6.0000 0.1590
6.0000 0.1614
6.0000 0.1639
6.0000 0.1663
6.0000 0.1687
6.0000 0.1711
6.0000 0.1735
6.0000 0.1759
6.0000 0.1783
6.0000 0.1807
6.0000 0.1831
6.0000 0.1855
6.0000 0.1880
6.0000 0.1904
6.0000 0.1928
6.0000 0.1952
6.0000 0.1976
6.0000 0.2000
6.0000 0.2024
6.0000 0.2048
7.0000 0.2072
7.0000 0.2096
7.0000 0.2120
7.0000 0.2145
7.0000 0.2169
7.0000 0.2193
7.0000 0.2217
7.0000 0.2241
7.0000 0.2265
7.0000 0.2289
7.0000 0.2313
7.0000 0.2337
7.0000 0.2361
7.0000 0.2386
7.0000 0.2410
7.0000 0.2434
7.0000 0.2458
7.0000 0.2482
7.0000 0.2506
7.0000 0.2530
8.0000 0.2554
8.0000 0.2578
8.0000 0.2602
8.0000 0.2627
8.0000 0.2651
8.0000 0.2675
8.0000 0.2699
8.0000 0.2723
8.0000 0.2747
8.0000 0.2771
8.0000 0.2795
8.0000 0.2819
8.0000 0.2843
9.0000 0.2867
9.0000 0.2892
9.0000 0.2916
9.0000 0.2940
9.0000 0.2964
9.0000 0.2988
9.0000 0.3012
9.0000 0.3036
9.0000 0.3060
10.0000 0.3084
10.0000 0.3108
10.0000 0.3133
10.0000 0.3157
10.0000 0.3181
10.0000 0.3205
10.0000 0.3229
10.0000 0.3253
10.0000 0.3277
10.0000 0.3301
10.0000 0.3325
10.0000 0.3349
10.0000 0.3373
10.0000 0.3398
10.0000 0.3422
10.0000 0.3446
10.0000 0.3470
10.0000 0.3494
11.0000 0.3518
11.0000 0.3542
11.0000 0.3566
11.0000 0.3590
11.0000 0.3614
11.0000 0.3639
11.0000 0.3663
11.0000 0.3687
11.0000 0.3711
11.0000 0.3735
11.0000 0.3759
11.0000 0.3783
12.0000 0.3807
12.0000 0.3831
12.0000 0.3855
12.0000 0.3880
12.0000 0.3904
12.0000 0.3928
12.0000 0.3952
12.0000 0.3976
12.0000 0.4000
12.0000 0.4024
12.0000 0.4048
13.0000 0.4072
13.0000 0.4096
13.0000 0.4120
13.0000 0.4145
13.0000 0.4169
13.0000 0.4193
13.0000 0.4217
13.0000 0.4241
13.0000 0.4265
13.0000 0.4289
13.0000 0.4313
14.0000 0.4337
14.0000 0.4361
14.0000 0.4386
14.0000 0.4410
14.0000 0.4434
14.0000 0.4458
14.0000 0.4482
15.0000 0.4506
15.0000 0.4530
15.0000 0.4554
15.0000 0.4578
15.0000 0.4602
15.0000 0.4627
15.0000 0.4651
15.0000 0.4675
16.0000 0.4699
16.0000 0.4723
16.0000 0.4747
16.0000 0.4771
16.0000 0.4795
16.0000 0.4819
17.0000 0.4843
17.0000 0.4867
17.0000 0.4892
18.0000 0.4916
18.0000 0.4940
18.0000 0.4964
18.0000 0.4988
18.0000 0.5012
19.0000 0.5036
19.0000 0.5060
19.0000 0.5084
19.0000 0.5108
19.0000 0.5133
19.0000 0.5157
19.0000 0.5181
20.0000 0.5205
20.0000 0.5229
20.0000 0.5253
20.0000 0.5277
20.0000 0.5301
21.0000 0.5325
21.0000 0.5349
21.0000 0.5373
23.0000 0.5398
23.0000 0.5422
23.0000 0.5446
24.0000 0.5470
25.0000 0.5494
25.0000 0.5518
25.0000 0.5542
26.0000 0.5566
26.0000 0.5590
29.0000 0.5614
29.0000 0.5639
32.0000 0.5663
33.0000 0.5687
34.0000 0.5711
35.0000 0.5735
36.0000 0.5759
43.0000 0.5783
44.0000 0.5807
45.0000 0.5831
47.0000 0.5855
48.0000 0.5880
56.0000 0.5904
66.0000 0.5928
83.0000 0.5952
85.0000 0.5976
109.0000 0.6000
110.0000 0.6024
124.0000 0.6048
125.0000 0.6072
131.0000 0.6096
140.0000 0.6120
144.0000 0.6145
147.0000 0.6169
161.0000 0.6193
170.0000 0.6217
197.0000 0.6241
204.0000 0.6265
217.0000 0.6289
246.0000 0.6313
275.0000 0.6337
276.0000 0.6361
281.0000 0.6386
345.0000 0.6410
350.0000 0.6434
